[0.7378103706100356, 0.7211700815770758, 0.7734876658105191, 0.865593363478061, 0.8724009293571431, 0.8819658228855727, 0.8751900355674509, 0.9124999430649079, 0.9239292418696364, 0.9174172129211383, 0.9085546569721445]
[0.8267265315404076, 0.7430115996627689, 0.8085165582251426, 0.8044501742112116, 0.7478733721885257, 0.7361452954674907, 0.7576583820541228, 0.7811662697304025, 0.7705743296227896, 0.7724070983414303, 0.7745891568664328]
[0.9079133437313319, 1.1274536321718724, 1.1327494050410518, 1.1948397183302164, 1.1979853831023435, 1.1876859239574087, 1.2055048974507898, 1.194111181389593, 1.1857414363511982, 1.183998646950521, 1.1894992767967567]
[0.6942010897321451, 0.6482612783049926, 0.5585341959882955, 0.532497701639947, 0.5201648114389126, 0.5186474770482554, 0.5228239766327107, 0.5400335078267468, 0.5493901013597298, 0.551386671208405, 0.5508462548958102]
[0.7826311376463572, 0.643800574558963, 0.5730642003586857, 0.6417521984869945, 0.6826306986094521, 0.6832369988865696, 0.6912465723967971, 0.6986031939961547, 0.6865899100696645, 0.6888971047165862, 0.6788819575968316]
[1.5556437795365645, 1.3663021506631157, 1.1558640698791631, 1.0871627651284923, 1.0797909787392534, 1.1079666073100831, 1.039254288924131, 1.0648996943313893, 1.0122826235384197, 0.9974647411001965, 1.0085223212323917]
[1.4723300457797417, 1.4898591621604127, 1.505859037615237, 1.4720133557502435, 1.474243388127173, 1.4343148143789792, 1.429862346449639, 1.425869899152564, 1.4341145084293574, 1.4263367615641713, 1.424220253885423]
[0.6433150689851236, 0.7018685515195457, 0.6225976073190135, 0.5979548920519113, 0.5408545846384163, 0.5520613948737353, 0.5610302595300534, 0.566094467728135, 0.573722407268438, 0.5674381301392626, 0.568491414185697]
[0.7807262718911494, 0.7263518644456514, 0.8186757220702321, 0.8419340317835518, 0.8309242236846763, 0.8238740926007659, 0.8269956817738155, 0.8234007932345877, 0.8257371596873387, 0.8203449862117013, 0.815987486425725]
[0.5119641479226118, 0.4386965285858408, 0.5330773145399678, 0.6163609655717668, 0.5696781628809736, 0.6146118386048633, 0.6129470878357962, 0.6142483084721662, 0.5970092274224333, 0.5978585409506734, 0.600279509372798]
[0.7004005620035437, 0.8875684530485952, 0.8275904243795649, 0.7879570014478209, 0.8123900923082636, 0.7891233525341023, 0.8081442047229496, 0.7925821703437452, 0.7842782971515415, 0.7897808040914961, 0.78557404530068]
[0.4034048396684851, 0.4391075479682496, 0.44955923834816996, 0.4307278014618736, 0.4532208857210033, 0.45884727698521355, 0.4627457681463141, 0.46311926298247297, 0.4787709783001276, 0.48569610198929397, 0.4868571342681897]
[0.8091758392326913, 0.7551016548661145, 0.77933465501328, 0.7430142764509446, 0.7788701295279935, 0.7752320204238404, 0.7737593878650719, 0.7834930065771312, 0.7872269996158617, 0.7819181309975062, 0.7814580417918322]
[0.43806769486021363, 0.45525116487586037, 0.4655021450690364, 0.5034699972148562, 0.48496790690745534, 0.49992941472888924, 0.4886964345464063, 0.4816963728162157, 0.4766389436603906, 0.47627097979493316, 0.4782163891413686]
[0.7640602335818159, 0.9124989266350871, 0.9809696625177678, 0.9401948980061456, 0.9367465093801965, 0.8828862102967392, 0.8834175966377351, 0.8977335298716559, 0.9047614487412954, 0.8846922067628364, 0.8898085856602305]
[0.8439139123961206, 0.7513504915151574, 0.6963841068949608, 0.7186530171662654, 0.6851378565673467, 0.6794767425025159, 0.6860349437256975, 0.6987988824217533, 0.7031511351855353, 0.7048126172591945, 0.7003050024048727]
[0.6656721177317345, 0.8585465158808019, 0.9104894101657722, 0.8316658321601534, 0.8017368161312033, 0.8363158271835202, 0.8565815197692109, 0.8550214353879309, 0.8707488659209266, 0.8723256337618908, 0.8734447885184429]
[0.7971649469692029, 1.020829931237348, 1.0107543262148924, 0.9782894016866572, 0.9200439144739806, 0.9402308838212934, 0.9331915802076999, 0.9168458182353335, 0.9186491084924718, 0.9236609221613016, 0.91556998293968]
[0.9599915078091116, 1.0034611394368171, 1.0485364729706623, 0.9897283412923689, 0.9482656771292517, 0.9904120932719941, 1.0307235488241084, 1.0170195738981773, 1.0054872922565465, 0.9968673835210108, 1.002677020558008]
[1.6185898395321594, 1.6480609729895859, 1.6219590528315924, 1.5982955831120864, 1.5725686995867945, 1.5852584396109197, 1.5888093420710396, 1.5909427526149884, 1.5813292982454699, 1.579525288186106, 1.5787512523205374]
[0.34157637351051495, 0.3768032128537464, 0.3388409844579817, 0.36018304782652066, 0.367865250722787, 0.34812228062214173, 0.36683892878441127, 0.3687032480504949, 0.3703635923138929, 0.37518386327890413, 0.37506194821176325]
[0.7085259706680643, 0.9307849667667987, 0.9733928210324219, 0.959136657717496, 0.9617079610569508, 0.939863162787292, 0.9642936547292913, 0.9354979206546632, 0.9440848184311309, 0.9237553274691342, 0.9280591987747351]
[0.8992523146614539, 0.9001917136779468, 0.8205720314523182, 0.7936173146916844, 0.7942417767442832, 0.7906941071382247, 0.77938969887312, 0.7822691951175763, 0.7768590482092526, 0.7788868449493248, 0.7799800459584061]
[1.409682445873529, 1.4066381016844167, 1.3866882491297636, 1.351720806022197, 1.333252373240538, 1.3329433717154235, 1.3281460182165306, 1.3027050663372783, 1.3150678652429195, 1.3195628924340985, 1.321541785206173]
[0.5594375985577231, 0.5910593444893886, 0.6072945672463913, 0.608916866737457, 0.5899217058536095, 0.5673217468212531, 0.5601164349636502, 0.5604289661271872, 0.5604280551614481, 0.5643203991926413, 0.5631324059386064]
[0.6077312539416522, 0.7152396440457205, 0.7549727800251839, 0.7305256082723623, 0.8267117763088295, 0.8151908210967259, 0.8061250001195462, 0.8265621185154256, 0.8143013592416772, 0.8068061286064079, 0.8102659500129278]
[1.345106250358996, 1.2806806987874402, 1.2765602849051958, 1.2839099969288763, 1.2819422824576345, 1.2532180868011917, 1.2242782681008393, 1.2466131086463452, 1.2314615328673333, 1.226327729108851, 1.2248600277082207]
[1.1273315153949326, 1.0198226012612492, 0.999543847235885, 0.8180482591374003, 0.7763062438410777, 0.7846715927349057, 0.7270595416846043, 0.7331551383721288, 0.7271171229693195, 0.7251542051215689, 0.7259943493897493]
[0.6629299160415756, 0.719290989805326, 0.7069058090361723, 0.5765914691118329, 0.6455264272336593, 0.634745800287258, 0.6342736928735987, 0.6408485031280262, 0.646333393846789, 0.6519758574252579, 0.659352140399743]
[0.8148140928753553, 0.7867889071013251, 0.774567658162514, 0.7687176031505216, 0.7949187226191164, 0.8136422471387982, 0.7959828453110094, 0.7887276910287049, 0.7848764288655994, 0.7866686938478394, 0.7857540706652493]
[0.8089167448528192, 0.7341984986043368, 0.7816767960284731, 0.8249401522651447, 0.8098064852509644, 0.8350001664642348, 0.8241658461532746, 0.8129699944222878, 0.8108312768434346, 0.8110516260651289, 0.81560888925578]
[1.1918117560009176, 1.1923815619393072, 1.1942599220956507, 1.1673290339811158, 1.0951020864389425, 1.101448846589068, 1.1234107077038276, 1.102692204684936, 1.1032513272910318, 1.1069188129843985, 1.1102769786004034]
[1.2693870259452158, 1.2598770368050607, 1.3182325178282515, 1.4293342605754649, 1.4519003819201608, 1.4350400385075817, 1.3966042953496096, 1.4017899892525871, 1.4117392435757132, 1.4118116212548164, 1.4055275083426506]
[0.3151056203712646, 0.4330190617719172, 0.5039383332908081, 0.4933940673397076, 0.5646625900771487, 0.5473007340833697, 0.559536830404119, 0.5896967105899489, 0.5746420464083749, 0.5779506113756523, 0.5755205979537366]
[1.211810663013102, 1.147224557163947, 1.0890019857577087, 1.0510482075646865, 1.0656998425202682, 1.0784890626001091, 1.0679417080926215, 1.0512562656451243, 1.047825780882479, 1.0518017450476853, 1.0503306387566207]
[0.4462355003888293, 0.6477595439431445, 0.6912119837000492, 0.6617948933654733, 0.6770894187583234, 0.6457335084407112, 0.6284179934668932, 0.6306328540853995, 0.6114704780641466, 0.610929958175045, 0.6166938235553721]
[0.7185532309058656, 0.6913616193218195, 0.6984169459016761, 0.7699189380828735, 0.7806751758639059, 0.7934183363838992, 0.7634607862974448, 0.7629660959639396, 0.7674085233267092, 0.7671455762008496, 0.7682865067425038]
[1.2263112310632853, 1.232917122146273, 1.1603816563838598, 1.1697612554030359, 1.174406996157515, 1.2002812549394233, 1.202445199641976, 1.1990516004107983, 1.207894853901043, 1.2145443453411147, 1.2162229722446307]
[0.45506795279266565, 0.463696720821304, 0.5346892874860006, 0.5590458480392972, 0.4929075128559574, 0.48762016587162615, 0.49571593961207994, 0.49772842436527653, 0.493042380922727, 0.49630631134935144, 0.5008924805429457]
[0.7599061059628817, 0.7377593307685233, 0.6684734220283872, 0.7503931808080521, 0.7687413008591522, 0.7878799472821628, 0.7924814185602432, 0.7934027022336116, 0.7979312871827318, 0.8014402915517451, 0.801412255414544]
[0.45028644899648285, 0.46588696427768744, 0.46774437296072774, 0.42825913808511773, 0.42425726408952313, 0.48335463207262386, 0.46076162773829465, 0.49351816655411196, 0.47823178772302094, 0.4794579493979337, 0.4817841161843433]
[0.30801269166445244, 0.4815697285244374, 0.44242190102849077, 0.5699458946423266, 0.6335636330891176, 0.6089535388445306, 0.6022845721541712, 0.5900118385627403, 0.5896197102121276, 0.5884496362010431, 0.5934893726105006]
[0.8228155529447464, 0.9152352198739206, 0.9554263724412849, 0.9256195840576118, 0.93241805752222, 0.9308919557296573, 0.9195285390466021, 0.914906677494579, 0.9350022570950158, 0.9341004913121764, 0.9329661443399953]
[0.6782449369222443, 0.7897252202075287, 0.8864612378045068, 0.9421506273776888, 0.8644228793235176, 0.851219089619012, 0.8376741895317075, 0.8344669629973918, 0.8536037711708427, 0.8588585344877419, 0.8530581778581461]
[0.5962669237566998, 0.5902172110529306, 0.5989773735675457, 0.5629585569701806, 0.5224552109663007, 0.516473960092336, 0.5558021972628343, 0.5257019060827915, 0.5160685259279214, 0.5223016410820143, 0.5277889993204968]
[0.7928374237616086, 0.8117836926765607, 0.8108777366865971, 0.8450603432541576, 0.7998781978348725, 0.8129144459559191, 0.8159220326442082, 0.7952065573512513, 0.8021222101114848, 0.8105465190079164, 0.8077585776508247]
[0.5260732774138777, 0.6049398193462815, 0.6813260090762143, 0.6896245794253527, 0.6981221953530254, 0.6676496922768219, 0.6799801387144072, 0.6637101104624334, 0.6394736543919689, 0.6408179110851682, 0.6444098616803855]
[0.5676747160727996, 0.7029416324315998, 0.7355919394923549, 0.7070269829685664, 0.747588086038031, 0.7917659070635141, 0.7500049745687248, 0.7593645403863672, 0.7651243475947447, 0.7539320810672682, 0.7571214803692843]
[1.0235229090595768, 1.202577420959397, 1.1881732733972967, 1.0378370389522011, 1.030106000585972, 0.9995329648692904, 0.995860163335599, 0.9915587142573355, 1.0006182416685911, 1.000168394706615, 0.9981857454480108]
[0.44726808945014096, 0.5040021320999748, 0.5202119786770696, 0.5907003056761502, 0.5132125224120783, 0.5016555005640093, 0.478554372748239, 0.531952112531603, 0.5396071244927593, 0.5178439752449147, 0.509181040860022]
[0.4563871064640076, 0.5174623884506779, 0.6765687954014908, 0.6819631286545593, 0.6745484022143499, 0.690628855805567, 0.6628329502574362, 0.6565846598027394, 0.6493303390514086, 0.6451570702923091, 0.6469463037057179]
[0.8712818486798026, 0.932235923110815, 1.101794956495017, 1.075692266386895, 1.155124118544201, 1.1381559359675506, 1.102069720372836, 1.1467555324651848, 1.1260632591971345, 1.1379143539883303, 1.142974448168424]
[1.4214280506648382, 1.1834155305539964, 1.2773483238401022, 1.2521496140423105, 1.1586277136023664, 1.2236517178504152, 1.2188849374958808, 1.2184109362322322, 1.2124746532390518, 1.2178605185380365, 1.214888608555132]
[0.7678479208706908, 0.8216115031808884, 0.7709575854986754, 0.7186006911560605, 0.7123111751284698, 0.7197129393319984, 0.730360044652493, 0.7394536050236049, 0.75012630651333, 0.7572223586045282, 0.76252460199328]
[0.649869322955945, 0.7343369662493857, 0.7517044340971082, 0.7734743225623992, 0.7630111609693139, 0.7628329802399652, 0.7695898240911925, 0.7661846142259052, 0.7645763788237545, 0.7673065590082321, 0.7690094559504607]
[0.8653183227799804, 1.0204564200868977, 1.062206139333082, 1.1388457114631587, 1.1255590836158946, 1.1683882291816252, 1.1633748155854515, 1.1524871946377964, 1.1607520989518034, 1.1520659030575136, 1.1530548432377636]
[0.8900137792747747, 0.7040142082984218, 0.6439676553713969, 0.714058685366769, 0.7637719732177477, 0.7461186907997256, 0.760138217264565, 0.7675142684816895, 0.7688944539466813, 0.7800655145255466, 0.789411063773777]
[0.4330425066127555, 0.4382110076523736, 0.4682003533424026, 0.4515387948911996, 0.4343408860407976, 0.4352753250701785, 0.4302734039441828, 0.44108233922679013, 0.4312786372354491, 0.431062175814124, 0.43200014167016015]
[0.8035304342740599, 0.8386419312238526, 0.7729367838865314, 0.7451054132782235, 0.724062198103816, 0.7464878673633012, 0.7399401006238571, 0.7552266161441396, 0.753653818673694, 0.7501932765792715, 0.7493127105824602]
[0.5443650332644845, 0.5956503295936606, 0.6481480746755081, 0.6955330856902151, 0.7324949553243392, 0.7712007327727018, 0.760940035363195, 0.7437165646196147, 0.7334000171111156, 0.7350518664846369, 0.7396964976420157]
[1.2212623122500248, 1.2471520656161794, 1.2238882731396696, 1.1585282683782878, 1.1923592592273433, 1.2055927773886712, 1.2136760939802027, 1.217420350675197, 1.2111483264420417, 1.2064812730088477, 1.2083595142996029]
[0.854373104118513, 0.768774823144181, 0.7402860925778738, 0.80312053683765, 0.7886802878611237, 0.8004227296071798, 0.7916532501322239, 0.7932259281601441, 0.7861082669829802, 0.7944732586873147, 0.7913420339079191]
[1.0535880421825252, 1.0298104127799697, 0.8135760952212067, 0.8539324646496627, 0.8335355640636781, 0.8327137541074079, 0.8774155863432417, 0.8955954729154378, 0.897681826494181, 0.8968423760438663, 0.8917511477385156]
[0.6727780617506498, 0.7031794336265914, 0.7478496825505456, 0.6963235604405821, 0.6961793295170351, 0.7058993881643352, 0.6862469643848322, 0.6948009879888848, 0.6980659183073702, 0.7003977535268039, 0.7049427592618237]
[1.2243746999241099, 1.074914007898051, 0.9206955855257237, 1.064191211711638, 1.0847926201589002, 1.0777432310707606, 1.0279670350734276, 1.036160741508418, 1.0446985517024063, 1.0464620641462785, 1.056853055405856]
[1.303181498610837, 1.2573619790671167, 1.2082207219266632, 1.0635828206520426, 1.0425149642337832, 1.0505508596395101, 0.9754762330286434, 0.9896179880878809, 0.9611493776462483, 0.9691281349268716, 0.9660728210164853]
[0.5291696412626932, 0.5702941156422894, 0.5654208480129893, 0.5586461386615671, 0.6244543235630116, 0.6189566153821655, 0.6145977983164248, 0.6171405090198652, 0.6249423212984911, 0.622216793167508, 0.6304813322886216]
[0.8948239493009822, 0.7843218726085682, 0.7471426270360217, 0.7768985405752289, 0.7366046993105593, 0.7358056985445248, 0.711159108935369, 0.7174111114563866, 0.7359492112996913, 0.7373758563965954, 0.7343941533523183]
[0.6898596709075338, 0.7351548015591319, 0.7804465964969809, 0.8146458600806593, 0.9003631912641168, 0.8863984983016918, 0.889359338412774, 0.9057800240976036, 0.900228635926355, 0.8958319330915193, 0.895477295147318]
[0.7732776123332024, 0.5820692994536988, 0.5170579833492799, 0.6697293286974071, 0.7213930744844247, 0.7013428984060908, 0.696717882273125, 0.6934725449079642, 0.6956799454033995, 0.6967996259967064, 0.7024678847902097]
[0.9000655817498715, 1.1655328960089102, 1.3092593333894458, 1.2027774649259848, 1.18393386526751, 1.1502405079230937, 1.1302345147173236, 1.130063047104694, 1.1299233721793505, 1.1318726366508494, 1.1369549188097365]
[0.7221953071052344, 0.8428530916383119, 0.9656273461776388, 0.9709647402251977, 1.0126237048264295, 1.0333962376996697, 0.9939597619510031, 1.016263899306467, 1.006975295818675, 1.0104402241729498, 1.0005508338449856]
[1.0652213247019604, 1.1359368124491727, 1.1304111422192327, 1.1259541525870793, 1.0899672800975433, 1.014929252524851, 1.0379730469370378, 1.0579011625424544, 1.0610019366169676, 1.0659466427639748, 1.0660787729058625]
[0.38510264524460913, 0.4320673659197311, 0.44785257306674464, 0.43788331743914455, 0.439233351832739, 0.445585571438893, 0.4417385774513723, 0.4494314482442658, 0.4553486376488839, 0.4563295589939769, 0.45845522509930436]
[0.9961610039212323, 0.8633857764117183, 0.862350201586281, 0.9182397663877299, 0.929510793370007, 0.9661377612407048, 0.9607120625972989, 0.9492539825660858, 0.9541841752340021, 0.9511649215808218, 0.9513367723817675]
[0.7524058550040831, 0.7679834571006738, 0.8249038917237496, 0.8073048212539504, 0.7710838933918301, 0.7981755719694169, 0.7694264672135239, 0.7749090199509269, 0.7575558596042771, 0.7600926893899403, 0.7600325538295299]
[0.8853923457008386, 0.908623461430761, 1.0083130332422097, 1.0426086339970577, 0.9540665411025648, 0.9712067002167089, 0.9549492992987144, 0.9517293797952561, 0.9344346907792136, 0.9315852684457894, 0.9296128528492514]
[0.4214831129725045, 0.37669655388377576, 0.3055845241621081, 0.31330591564961585, 0.31631600695144035, 0.29939587004325285, 0.3046087638913329, 0.3045840972617568, 0.3037491289531576, 0.31309562411719905, 0.31306360928386473]
[0.9100778406120897, 1.0339996038833927, 1.0878294581188213, 1.0630903571005368, 0.9962833255898822, 0.9740045972862745, 0.9916420164198926, 0.9951335649610166, 0.9879170765150088, 0.9867378535431756, 0.9881845813444746]
[0.5310020894804066, 0.5901526003701857, 0.5054261942592558, 0.5174065528646898, 0.5228751057618681, 0.5112073837758464, 0.5045390173911471, 0.5137449676892306, 0.5134344114233109, 0.5142104600624466, 0.5090436248195309]
[0.4944067331753401, 0.8595452413233176, 0.8896980011450165, 0.8755522988398666, 0.8504563883073685, 0.7960594786422903, 0.8246153640910758, 0.8090238438726584, 0.8431076750025971, 0.8429305791546611, 0.836597479745693]
[0.9430308033632417, 1.0825600307388359, 0.9573088909536964, 0.8865823426270227, 0.8893356347067625, 0.9405608500723707, 0.8686814544828577, 0.8545394518912124, 0.8436609764259003, 0.8557728364129834, 0.8688626450794535]
[0.5196269480412428, 0.5192207375467484, 0.5206741143067563, 0.49248791075695875, 0.49439021109165476, 0.47162204083603776, 0.4604291669901971, 0.47368527577951863, 0.47887427472741095, 0.4769503608700503, 0.47841622419432117]
[1.027587879965099, 0.9119142063543172, 1.0298511114170323, 1.1002405572897862, 1.058813846281904, 1.0507825428908266, 1.0563718179180213, 1.044513302384471, 1.0410584038274295, 1.0407905678463798, 1.0446922766750089]
[0.7768207984215021, 0.8092335864829432, 0.7466463612278719, 0.7540502391509505, 0.7368736502106965, 0.7161385185117521, 0.7237466646337166, 0.7259170055512821, 0.717243187549404, 0.7110329923573003, 0.7148594546952296]
[0.5478529558446208, 0.6943597579400494, 0.7746128380883406, 0.6593099906412714, 0.6565412293201149, 0.6618986646340947, 0.6817016408150376, 0.7016673228293959, 0.7097257221641957, 0.7112412510291578, 0.7073192671713211]
[1.2401000739428167, 1.252900961913112, 1.333838129120629, 1.2949761275275133, 1.174879303082306, 1.1666491899082996, 1.1894588729481204, 1.201594534351367, 1.2020086434921406, 1.1985863571892867, 1.1820859325324198]
[1.0369596493495117, 0.9455388400660751, 0.9317734536507649, 0.9073104845923418, 0.882829977927827, 0.8510428825967123, 0.8693859133418755, 0.8681833370967257, 0.8789544767306566, 0.8778960228148488, 0.8802645229903329]
[0.8585585504582677, 0.805768550854939, 0.7308170545640946, 0.7268385935466433, 0.7740253194481629, 0.7096079134299887, 0.7328555390093194, 0.732251195894174, 0.7328487155919817, 0.726464348509036, 0.7318725329326469]
[1.2414672690252235, 1.0978788438061104, 1.0311101334319084, 1.0256056352228253, 1.0682312463946562, 1.075727785373021, 1.067455135311743, 1.0590145635860262, 1.0575492527514119, 1.0621928862008534, 1.0586121280144767]
[0.8650968104226423, 0.9179437132726236, 0.951188439705065, 0.9669312171505772, 0.9866788579874097, 0.9763103898681011, 0.9665253994522313, 0.958171927591921, 0.9552779853810751, 0.9471317733567595, 0.9482349338162371]
[0.7451184930775834, 0.7377337724167714, 0.7345056499594904, 0.7867927390433608, 0.7352785775996573, 0.7740004866977037, 0.7995656530215675, 0.8096458716548451, 0.795002109283246, 0.7941921239632158, 0.7896631805321689]
[0.8521621866018189, 0.8513317040203993, 0.7795989351305568, 0.837770803998219, 0.8168880674817597, 0.7529588620063862, 0.802999289311216, 0.785535478963269, 0.7809194348991657, 0.7721017095669317, 0.7745569495472988]
[0.7982037519706742, 0.8766613402983257, 0.8382051218926856, 0.855028155406907, 0.8355651878714275, 0.8319983858936754, 0.8378478563746149, 0.8400416040820079, 0.8430233116470491, 0.833730212945766, 0.8372566936478011]
[1.3067883374545548, 1.415732135223661, 1.5115456545735562, 1.5745348947913067, 1.5599485776583883, 1.4964847794443625, 1.445752654757293, 1.4612281459840548, 1.4450467201791957, 1.4413489691765213, 1.4282891671162516]
[0.582680369691575, 0.5752899427523012, 0.6127802736010928, 0.5813112923726158, 0.6077657712178535, 0.6339435795627423, 0.6426930992626665, 0.6370792664152866, 0.637748942872832, 0.6335627270751637, 0.6310425176846748]
[0.9113326388746479, 0.9078343602356652, 0.7955224808526438, 0.7999009390185068, 0.8334577815599485, 0.8082421531701993, 0.7886300270937385, 0.8085274452084412, 0.8122442820754175, 0.8168672827383833, 0.8208186700679404]
[0.9454502896758901, 0.9096597775433244, 0.894541118190778, 0.8913718741506611, 0.9552340333845764, 0.9279028949799599, 0.9429870051391666, 0.9501374224742188, 0.9422123373821469, 0.943079987740144, 0.9416453273153462]
[1.0640919504285018, 0.9828593573206466, 0.8967456354988954, 0.881966040392052, 0.8772057355013745, 0.8617595808144848, 0.8634304708311941, 0.8744296126563056, 0.8568838454669291, 0.8620326028572274, 0.8605075262903148]
[0.4488095242563811, 0.507557934796671, 0.5312254767310386, 0.4996052530086866, 0.4923003694925928, 0.5246687122581348, 0.5595245586125146, 0.5718410634919506, 0.5804194949452268, 0.5785289630812206, 0.5744949457589021]
